#          Omega_m,                h,     ln10^{10}A_s,               b1,               c2,              A_s,           sigma8
 3.469115e-06	 4.025375e-06	-1.534693e-05	 9.278886e-06	-1.226187e-05	-3.462634e-14	 3.421993e-06	
 4.025375e-06	 9.231033e-06	-3.024699e-05	 1.660278e-05	-9.667415e-06	-6.817890e-14	 5.335122e-06	
-1.534693e-05	-3.024699e-05	 2.062585e-04	-1.729044e-04	-1.331600e-04	 4.655175e-13	 2.405440e-05	
 9.278886e-06	 1.660278e-05	-1.729044e-04	 1.658681e-04	 1.796125e-04	-3.904198e-13	-3.674376e-05	
-1.226187e-05	-9.667415e-06	-1.331600e-04	 1.796125e-04	 1.111885e-03	-3.008487e-13	-8.270615e-05	
-3.462634e-14	-6.817890e-14	 4.655175e-13	-3.904198e-13	-3.008487e-13	 1.050748e-21	 5.442312e-14	
 3.421993e-06	 5.335122e-06	 2.405440e-05	-3.674376e-05	-8.270615e-05	 5.442312e-14	 2.141952e-05	
