#          Omega_m,                h,     ln10^{10}A_s,               b1,               c2,               c4,              A_s,           sigma8
 7.036747e-06	 2.122207e-06	-1.636996e-05	 1.944485e-05	-1.233946e-04	-2.113932e-04	-3.473316e-14	 4.125990e-06	
 2.122207e-06	 1.088002e-05	-2.608865e-05	 1.076993e-05	 4.383148e-05	-1.010672e-03	-5.553650e-14	 6.933795e-06	
-1.636996e-05	-2.608865e-05	 3.898631e-04	-4.017869e-04	 2.963472e-04	 1.493335e-03	 8.258891e-13	 1.021082e-04	
 1.944485e-05	 1.076993e-05	-4.017869e-04	 4.547164e-04	-4.879872e-04	-1.119535e-03	-8.508161e-13	-1.246920e-04	
-1.233946e-04	 4.383148e-05	 2.963472e-04	-4.879872e-04	 6.754417e-02	 3.106326e-01	 6.290582e-13	 4.471441e-05	
-2.113932e-04	-1.010672e-03	 1.493335e-03	-1.119535e-03	 3.106326e-01	 3.539806e+00	 3.315905e-12	-1.026419e-03	
-3.473316e-14	-5.553650e-14	 8.258891e-13	-8.508161e-13	 6.290582e-13	 3.315905e-12	 1.749935e-21	 2.158855e-13	
 4.125990e-06	 6.933795e-06	 1.021082e-04	-1.246920e-04	 4.471441e-05	-1.026419e-03	 2.158855e-13	 5.505669e-05	
