#          Omega_m,                h,     ln10^{10}A_s,               b1,               c2,               c4,              A_s,           sigma8
 2.625357e-06	 3.719962e-06	-1.439528e-05	 1.009645e-05	-3.149996e-05	-5.118986e-04	-3.156258e-14	 2.337465e-06	
 3.719962e-06	 1.090431e-05	-3.447827e-05	 2.143145e-05	-9.693157e-05	-1.970158e-03	-7.543595e-14	 5.464251e-06	
-1.439528e-05	-3.447827e-05	 2.220101e-04	-1.911447e-04	 3.521247e-04	 7.398731e-03	 4.857913e-13	 2.581230e-05	
 1.009645e-05	 2.143145e-05	-1.911447e-04	 1.846958e-04	-3.267249e-04	-7.082071e-03	-4.182791e-13	-3.641390e-05	
-3.149996e-05	-9.693157e-05	 3.521247e-04	-3.267249e-04	 3.203943e-02	 3.300440e-01	 7.695460e-13	-2.814179e-05	
-5.118986e-04	-1.970158e-03	 7.398731e-03	-7.082071e-03	 3.300440e-01	 4.036038e+00	 1.616967e-11	-3.273283e-04	
-3.156258e-14	-7.543595e-14	 4.857913e-13	-4.182791e-13	 7.695460e-13	 1.616967e-11	 1.063070e-21	 5.641708e-14	
 2.337465e-06	 5.464251e-06	 2.581230e-05	-3.641390e-05	-2.814179e-05	-3.273283e-04	 5.641708e-14	 2.085713e-05	
