#          Omega_m,                h,     ln10^{10}A_s,               b1,               c2,               c4,              A_s,           sigma8
 1.934075e-05	 1.462288e-05	-5.631743e-05	 4.073166e-05	 2.619579e-04	 5.443758e-04	-1.212355e-13	 1.948995e-05	
 1.462288e-05	 3.200548e-05	-6.481584e-05	 1.332609e-05	 1.668715e-04	-6.639003e-04	-1.404473e-13	 3.492905e-05	
-5.631743e-05	-6.481584e-05	 1.200006e-03	-1.178561e-03	-4.593520e-04	 7.570476e-03	 2.583807e-12	 3.296571e-04	
 4.073166e-05	 1.332609e-05	-1.178561e-03	 1.281882e-03	 5.871905e-04	-8.632131e-03	-2.534779e-12	-4.103987e-04	
 2.619579e-04	 1.668715e-04	-4.593520e-04	 5.871905e-04	 8.684096e-02	 4.038236e-01	-1.021393e-12	 3.441044e-04	
 5.443758e-04	-6.639003e-04	 7.570476e-03	-8.632131e-03	 4.038236e-01	 3.515290e+00	 1.610614e-11	 2.732765e-03	
-1.212355e-13	-1.404473e-13	 2.583807e-12	-2.534779e-12	-1.021393e-12	 1.610614e-11	 5.566133e-21	 7.086287e-13	
 1.948995e-05	 3.492905e-05	 3.296571e-04	-4.103987e-04	 3.441044e-04	 2.732765e-03	 7.086287e-13	 2.034371e-04	
