#          Omega_m,                h,     ln10^{10}A_s,               b1,               c2,               c4,              A_s,           sigma8
 2.609758e-06	 3.042796e-06	-8.274806e-06	 4.816488e-06	-1.268204e-06	-9.775992e-05	-1.787439e-14	 3.847845e-06	
 3.042796e-06	 1.173622e-05	-2.456689e-05	 9.299653e-06	 3.144960e-05	-1.185915e-03	-5.292490e-14	 9.842271e-06	
-8.274806e-06	-2.456689e-05	 1.878344e-04	-1.687488e-04	 1.558298e-04	 3.567841e-03	 4.049257e-13	 3.246856e-05	
 4.816488e-06	 9.299653e-06	-1.687488e-04	 1.805958e-04	-2.028305e-04	-3.442620e-03	-3.637460e-13	-4.992005e-05	
-1.268204e-06	 3.144960e-05	 1.558298e-04	-2.028305e-04	 1.031365e-01	 6.897603e-01	 3.339230e-13	 1.065191e-04	
-9.775992e-05	-1.185915e-03	 3.567841e-03	-3.442620e-03	 6.897603e-01	 5.700357e+00	 7.654637e-12	-3.100218e-04	
-1.787439e-14	-5.292490e-14	 4.049257e-13	-3.637460e-13	 3.339230e-13	 7.654637e-12	 8.730077e-22	 7.000128e-14	
 3.847845e-06	 9.842271e-06	 3.246856e-05	-4.992005e-05	 1.065191e-04	-3.100218e-04	 7.000128e-14	 3.121620e-05	
