#          Omega_m,                h,     ln10^{10}A_s,               b1,               c2,               c4,              A_s,           sigma8
 7.851588e-06	 7.682472e-06	-4.347684e-05	 3.718834e-05	 1.485981e-05	-1.135428e-04	-9.485068e-14	 2.067463e-06	
 7.682472e-06	 3.114091e-05	-9.411701e-05	 5.505017e-05	 2.242439e-04	-4.269831e-04	-2.052969e-13	 1.413066e-05	
-4.347684e-05	-9.411701e-05	 8.535413e-04	-7.888132e-04	-7.683407e-06	 5.051444e-03	 1.866576e-12	 1.646417e-04	
 3.718834e-05	 5.505017e-05	-7.888132e-04	 8.082430e-04	-1.134747e-04	-6.726552e-03	-1.725971e-12	-2.001730e-04	
 1.485981e-05	 2.242439e-04	-7.683407e-06	-1.134747e-04	 1.243546e-01	 5.767182e-01	-6.193392e-14	 3.293094e-04	
-1.135428e-04	-4.269831e-04	 5.051444e-03	-6.726552e-03	 5.767182e-01	 4.345140e+00	 1.075676e-11	 1.315789e-03	
-9.485068e-14	-2.052969e-13	 1.866576e-12	-1.725971e-12	-6.193392e-14	 1.075676e-11	 4.083909e-21	 3.610667e-13	
 2.067463e-06	 1.413066e-05	 1.646417e-04	-2.001730e-04	 3.293094e-04	 1.315789e-03	 3.610667e-13	 8.875957e-05	
