#          Omega_m,                h,     ln10^{10}A_s,               b1,               c2,               c4,              A_s,           sigma8
 3.625569e-06	 2.019089e-06	-7.831308e-06	 7.325411e-06	 2.778049e-05	-2.612222e-04	-1.673616e-14	 3.688474e-06	
 2.019089e-06	 9.316025e-06	-1.506394e-05	 3.124090e-06	-2.279838e-05	-1.415305e-03	-3.182755e-14	 9.111071e-06	
-7.831308e-06	-1.506394e-05	 3.004790e-04	-3.081423e-04	-3.797009e-04	-1.099599e-03	 6.373434e-13	 9.126418e-05	
 7.325411e-06	 3.124090e-06	-3.081423e-04	 3.452140e-04	 5.780373e-04	 2.526881e-03	-6.537926e-13	-1.114762e-04	
 2.778049e-05	-2.279838e-05	-3.797009e-04	 5.780373e-04	 1.189485e-01	 7.249909e-01	-8.171838e-13	-1.542196e-04	
-2.612222e-04	-1.415305e-03	-1.099599e-03	 2.526881e-03	 7.249909e-01	 5.636627e+00	-2.425112e-12	-2.700334e-03	
-1.673616e-14	-3.182755e-14	 6.373434e-13	-6.537926e-13	-8.171838e-13	-2.425112e-12	 1.351991e-21	 1.936181e-13	
 3.688474e-06	 9.111071e-06	 9.126418e-05	-1.114762e-04	-1.542196e-04	-2.700334e-03	 1.936181e-13	 5.346361e-05	
